13120.61
18231.04
11883.64
15101.80
14956.64
14122.15
18075.75
13070.68
15382.51
11656.32
11345.59
7278.10
5781.35
14576.64
18539.74
6256.29
10600.68
3793.93
16896.36
9830.50
9589.46
13275.89
9663.94
6484.75
9770.05
4833.05
3570.70
6754.50
13202.28
3124.84
16437.73
6087.59
10453.69
6851.66
15701.24
15480.24
6640.34
19248.19
8297.47
12281.78
13792.58
13351.21
5708.70
12327.38
6690.02
13849.99
10533.30
13589.37
4139.34
3520.74
4590.98
12233.61
16028.27
19265.96
2611.49
5824.55
12293.65
14068.25
19445.02
6974.49
7592.94
7658.25
7662.95
15843.33
8447.58
4892.69
9953.79
10634.88
10082.53
14451.83
2844.11
15698.31
13617.03
15135.44
3504.46
8320.23
15460.61
12729.20
9923.03
5284.75
8160.79
11500.79
11534.42
13504.32
12541.65
14505.32
6184.09
16318.16
9901.58
4428.62
17224.35
19423.82
10735.53
4446.55
7023.72
17600.97
15825.11
15331.37
10439.40
3665.35
16439.66
11234.94
6796.31
6533.28
14658.32
18016.53
6612.19
5953.70
18142.12
13793.78
8796.01
16721.52
16911.62
4445.71
9428.33
9634.53
18940.35
11175.62
14715.53
18429.78
2966.57
5997.15
12886.15
19459.17
6474.29
18708.43
10144.46
10176.00
4497.30
14952.20
7678.05
7285.98
2621.18
5717.13
8004.23
13871.86
18168.63
14932.33
13902.33
10104.41
16990.53
10629.07
6718.84
18258.36
4629.00
10711.86
10295.34
2687.96
5442.67
8639.18
14651.47
3588.48
14274.51
3358.41
6883.94
11371.98
7546.08
13494.30
8826.01
15433.89
18895.63
19202.52
7076.77
15531.83
15664.08
16743.44
7054.40
7542.13
5715.72
16491.36
5243.26
9806.97
17310.53
15638.22
3266.34
7209.62
15941.56
15444.18
8575.23
6055.37
13809.13
6572.03
5847.24
10492.43
11393.89
13645.14
14077.47
4214.03
5576.28
12883.98
14043.60
16232.84
9985.17
12076.21
16112.63
5856.25
17815.63
19093.92
13032.89
13089.36
7755.36
7917.44
13815.50
12955.46
18096.74
11262.38
16412.45
17047.73
17592.39
14775.93
14571.90
5044.44
14613.76
18266.57
9318.54
17514.12
16567.33
17105.53
14627.37
4804.09
4959.43
14902.12
14048.81
18017.40
11756.80
9825.00
11214.42
15508.92
16493.75
3901.92
12454.57
14355.35
17886.91
5796.99
16996.42
5885.62
3135.38
10955.57
12169.96
18700.17
14739.92
16973.75
8951.18
13433.76
8739.08
11548.88
14130.82
9012.29
11879.53
5630.09
5521.79
17254.46
14947.89
17979.38
15562.61
19330.03
14621.27
11713.30
11125.05
15365.78
15959.92
5727.98
11480.62
16995.28
14572.38
14398.98
19340.87
8846.31
18124.57
15279.16
6642.69
10404.19
18720.95
15000.34
12883.92
3428.24
13718.19
11792.43
8041.37
9559.41
10035.02
10878.30
13304.80
18036.81
9272.68
17243.10
6673.17
18664.03
19121.57
4716.26
12874.07
12310.06
9045.19
13760.86
17438.72
7980.66
3643.42
18548.30
16912.12
9537.57
11523.47
13181.00
2717.39
13568.58
4291.17
10424.67
12403.12
14507.52
11799.91
12874.77
18899.67
6359.76
5506.71
16983.69
13881.05
6855.29
5476.77
16318.03
14437.57
3955.39
4180.32
13599.77
11694.70
15056.46
16342.64
17691.69
17376.57
16598.66
17132.40
4984.51
5337.11
13493.40
16785.81
16955.06
10290.67
17760.83
6944.76
3252.87
13450.37
9317.74
14528.67
15609.65
18207.51
5682.20
4006.35
13734.01
9406.05
9876.96
6704.75
13749.24
7513.23
16180.07
9163.65
15873.21
17274.87
13252.07
16856.53
3266.04
11062.12
18312.35
19421.77
11190.75
8985.73
18474.46
9950.90
18681.44
15924.44
17449.00
2735.81
3560.45
10011.70
4931.50
16564.98
12695.01
10527.91
15114.92
6349.72
16761.11
12944.06
6733.88
2617.03
12849.51
11033.28
15135.81
5463.59
12178.62
5463.13
14688.13
11166.08
18832.66
11765.60
3380.25
13814.54
18382.94
15484.77
13857.92
17679.31
11363.78
16215.71
6954.05
2805.60
4700.75
9760.00
12691.54
17766.41
18552.53
7205.08
6245.01
13857.49
4549.00
5162.82
13079.14
9059.38
4241.80
9764.05
4583.79
4115.50
7276.44
15950.29
2649.92
18478.49
10396.71
10966.51
10966.06
5946.45
17291.22
2763.76
9158.66
9348.52
13529.28
16607.94
15506.22
7076.67
5312.63
3842.23
16987.66
13054.07
8664.02
7841.91
2776.93
10449.06
19446.84
6110.19
5384.38
8137.27
12329.36
8749.62
11751.31
14458.42
7853.65
9768.66
17207.05
17789.53
10019.07
18660.51
12638.94
13283.92
4783.04
8781.72
14321.09
18421.81
10239.66
11694.75
8232.44
14616.78
16722.73
11836.75
4706.98
5737.68
14429.78
18300.48
4482.92
4772.26
17876.96
15411.90
12272.13
10570.68
12629.64
6237.79
9888.06
13249.31
14902.06
12234.92
12529.74
18678.22
6353.03
12535.08
9164.95
14587.21
10332.73
10270.94
14936.84
11698.83
14715.02
11535.09
5693.17
19314.49
9259.48
5337.96
7144.67
5665.87
15920.37
9524.91
10521.16
10068.72
15632.40
14226.24
8318.60
15146.98
6436.64
4254.37
10763.43
3226.03
17950.91
7590.14
16610.93
10412.31
18333.65
17184.56
12973.88
6636.45
5947.12
12501.19
4476.17
3229.97
17374.89
13536.15
9889.06
10054.59
9352.86
8149.23
16414.23
11071.22
14035.19
12445.41
8207.36
9459.70
14664.35
4399.47
12607.10
13122.56
12240.31
7895.29
10915.80
10025.78
16781.13
9357.34
11411.17
10960.90
9436.17
18724.35
14449.25
3990.75
13649.58
5915.29
9045.06
5029.58
19339.84
5348.66
7498.21
13503.84
15597.73
13900.69
3041.60
15301.98
16790.51
9790.01
10739.85
18440.16
11323.30
6285.76
11029.69
18167.21
4100.53
10253.66
5031.13
3527.81
18888.32
5130.55
2800.41
6348.95
5719.44
5568.33
9233.54
11269.48
6376.79
8564.04
16323.81
11105.13
13991.31
17908.59
7861.49
16437.06
14277.55
10061.86
18426.04
13835.68
18823.73
12654.06
17150.87
10848.27
17081.10
18842.10
12602.86
15706.73
12869.41
3565.00
11720.42
3059.26
11440.95
6453.72
16650.95
13435.44
6493.11
6127.09
9494.55
8274.93
16816.32
6635.38
11842.62
5138.81
18976.63
17240.89
7697.76
6369.17
15081.18
5036.45
13298.34
11406.55
14289.42
7175.34
17883.46
15655.72
18089.88
16606.58
4348.88
4972.70
11355.02
12767.16
15932.33
11582.78
17693.13
12702.56
14859.69
13137.14
6448.14
6327.74
18603.59
14194.47
12934.12
2788.34
7291.66
19345.94
2692.76
7155.50
3801.17
11106.64
5363.62
18301.93
9238.71
5724.37
15858.45
8928.13
19370.21
17247.63
3386.33
17333.45
19043.04
10479.96
10876.36
16959.37
4281.74
19049.99
3464.33
9120.45
16038.94
15644.15
11927.67
17460.82
3540.51
16795.44
9223.67
4343.27
9433.16
8080.42
10530.64
3131.91
4561.58
9807.17
10602.79
17812.41
9855.43
3955.41
10711.66
15045.84
6315.28
17979.16
4756.53
5806.20
19325.98
3856.07
15221.54
13006.40
2688.97
3599.58
15023.63
5120.12
17684.88
5446.45
18642.44
17186.36
7220.38
12713.01
5018.64
17790.94
4237.35
7525.87
13411.22
15320.63
18741.11
15656.90
18599.00
18066.96
3785.56
10042.92
5378.71
15801.20
3735.54
5923.22
16180.42
6730.83
15061.19
14695.98
17567.29
2864.20
10037.43
4232.66
13550.98
9047.91
9659.17
14374.94
19484.78
8443.40
2979.48
4013.40
11782.09
12319.19
5026.88
6472.43
7031.09
12018.32
16965.29
19132.26
4977.10
9289.24
4719.26
18663.39
17326.53
11684.56
11909.00
7657.62
10023.82
3179.03
4931.38
3785.46
10415.33
9912.25
6759.68
18803.78
15452.94
3692.34
3077.78
5493.34
3773.13
14986.58
3218.72
10172.15
7214.60
19026.16
15314.40
15582.01
3093.28
10418.03
13784.08
9023.96
18829.34
16606.01
12492.70
10038.41
13608.67
14885.40
18851.66
10847.90
9854.26
11183.06
12236.03
11912.12
10949.06
3345.30
11954.58
11154.13
5649.27
3180.57
5332.13
9236.73
15872.74
15419.11
6305.38
16793.76
11382.02
6385.99
17474.28
16929.16
18845.11
7491.65
17198.06
3895.45
11733.93
17638.08
4459.38
7966.96
13649.05
3072.69
9881.49
6990.27
10856.87
13289.60
18341.64
14622.69
6811.08
9601.57
9817.86
16484.38
6154.42
14897.79
5064.76
7656.77
14060.36
16639.31
18526.59
11741.46
14689.94
5139.58
18438.08
2833.56
13414.92
18715.27
10514.80
3194.91
5216.26
6643.43
4977.27
17795.54
15917.81
3743.36
11548.95
15919.64
19390.38
14049.28
3753.54
11638.77
15085.64
8341.12
3419.75
3643.64
4518.61
13861.55
18274.59
5026.33
15676.44
17538.10
3707.43
15430.06
16657.67
16916.19
9851.62
6053.57
14656.64
18961.02
16566.19
8324.82
12222.17
14166.43
3286.54
15068.00
7738.86
18731.30
5246.49
14200.73
4494.62
4832.88
12700.08
18437.28
6840.90
5028.30
14633.46
19236.62
8427.04
9515.90
13095.06
14975.36
13805.47
8055.41
14923.56
7944.44
7309.77
14187.76
16944.43
10628.10
9167.91
13978.69
16982.82
16743.62
4211.15
8028.58
9267.53
14193.58
19350.97
15379.25
14921.87
14030.22
5812.81
15112.16
10613.82
11918.27
14096.34
16591.48
6506.97
8977.77
19323.55
4657.00
13738.11
15963.04
18031.38
17378.34
5102.47
8420.71
4262.10
16964.75
16368.66
4344.48
12902.16
5995.34
19012.45
12255.74
5360.67
3854.66
3975.72
15441.56
15210.31
13029.84
5952.05
7182.99
12830.19
3919.49
9143.42
18878.55
12804.60
4778.05
8461.51
12566.15
10875.77
5929.07
11506.52
12229.79
15184.17
18003.47
6401.66
7233.75
17269.59
19197.37
2929.50
9576.45
16436.59
17647.68
6054.00
16202.71
14121.69
10908.24
11778.55
6535.02
7291.95
6410.09
15792.27
9544.53
4769.54
6895.42
19000.20
18691.36
16115.11
9627.98
19085.00
16782.56
19194.19
7415.41
8607.81
4234.37
8333.35
8330.73
5909.53
